41
42
41
41
267
41
41
41
103
259
283
103
267
267
103
206
114
10
267
202
202
227
202
227
224
202
227
144
224
42
41
222
192
42
224
74
215
213
42
41
42
42
107
41
41
42
41
42
215
40
130
41
42
42
76
267
132
215
213
267
243
118
118
107
215
296
215
76
215
187
74
41
103
41
267
267
187
42
267
198
98
98
215
215
60
98
74
233
215
74
74
74
211
74
215
74
215
86
74
140
60
215
42
42
42
98
140
227
74
42
215
202
60
42
42
267
118
60
60
60
48
48
74
216
216
216
98
98
98
98
205
98
205
263
230
98
74
98
74
215
86
202
267
42
21
205
21
21
98
115
256
205
205
213
298
60
42
267
42
271
206
60
191
180
239
191
191
191
191
73
96
130
77
130
24
130
143
24
165
185
185
141
130
206
130
185
216
206
49
206
11
190
206
26
11
223
294
270
216
192
31
254
11
213
240
182
20
26
11
267
94
205
205
197
107
205
235
235
197
185
235
270
29
219
206
206
223
164
118
6
114
217
49
11
213
213
213
257
108
270
80
123
260
108
260
50
222
140
222
81
222
222
200
242
92
200
63
277
19
19
3
19
19
169
105
43
169
206
222
222
283
77
219
259
259
283
272
129
267
271
33
222
222
200
92
200
92
107
200
285
92
107
206
92
92
92
92
200
196
92
92
92
206
200
200
200
92
107
92
200
256
256
299
229
221
182
215
270
270
270
73
264
0
0
0
69
220
59
69
69
170
206
69
140
256
228
162
129
213
52
237
0
96
241
21
241
241
211
271
96
165
84
0
86
165
206
86
208
61
230
21
195
94
209
209
228
209
209
209
209
228
228
218
54
290
92
237
189
189
14
216
216
107
26
107
29
107
107
294
11
86
107
107
255
260
237
260
107
107
107
260
260
260
260
107
260
219
266
260
86
232
219
87
64
34
138
196
34
196
34
213
213
34
34
34
34
34
34
26
201
201
34
1
34
34
34
34
34
107
107
34
1
34
287
34
201
206
34
34
201
277
270
26
201
26
1
26
201
201
143
40
40
242
164
164
164
164
15
242
209
148
285
230
259
226
15
164
40
40
40
164
107
132
40
40
40
96
4
14
73
135
107
259
128
122
164
186
186
209
186
186
103
129
148
230
230
103
209
103
103
103
103
186
251
54
103
103
103
103
186
103
103
103
103
264
103
103
103
103
186
186
103
103
50
103
103
279
186
103
103
103
103
103
279
103
103
103
103
251
103
186
50
103
264
103
103
103
279
77
8
107
103
50
50
194
50
50
194
103
54
54
151
276
112
4
276
131
172
4
285
151
198
130
151
114
151
151
151
151
151
180
151
151
151
172
151
151
180
64
198
0
87
0
194
206
194
194
16
288
259
194
194
96
4
4
121
238
288
77
129
135
73
129
25
25
11
270
291
291
270
291
189
291
291
291
291
291
129
291
291
129
291
270
241
296
270
25
15
291
291
25
291
241
241
227
76
0
129
128
170
170
170
275
170
61
128
170
170
170
269
170
170
170
61
291
170
226
170
269
170
170
291
34
128
128
170
224
89
226
172
0
172
128
0
89
89
128
128
50
224
128
224
249
0
170
226
243
170
226
128
128
224
226
128
170
128
170
128
128
170
131
206
89
124
170
226
224
224
206
89
89
128
131
128
170
170
170
131
172
291
89
141
37
235
227
128
226
128
128
128
128
259
170
128
245
226
128
128
128
128
128
128
226
206
226
89
89
103
124
23
230
206
206
23
124
111
128
124
124
128
128
161
270
9
128
17
291
124
242
135
286
128
91
128
73
213
6
232
277
64
124
206
206
131
190
270
128
23
295
12
23
12
279
23
23
23
23
23
23
23
23
6
206
49
23
202
166
30
27
0
270
224
30
30
166
224
30
109
30
7
285
30
15
48
49
0
30
219
14
287
30
1
14
128
30
166
166
12
166
0
285
132
166
166
166
164
166
166
166
237
277
263
237
237
164
102
164
237
237
237
15
277
131
130
124
30
237
279
188
129
250
48
203
246
277
140
189
27
140
277
237
15
15
15
226
107
189
189
189
164
131
270
131
206
206
206
195
206
272
272
272
129
122
277
277
277
0
54
3
38
51
196
14
270
56
82
230
53
211
274
82
82
277
274
129
82
109
19
192
82
82
126
82
272
82
14
274
199
230
59
82
200
199
199
199
199
199
199
199
138
277
54
206
226
259
58
137
238
160
109
109
73
73
216
73
230
199
82
224
211
53
265
109
211
82
82
122
82
94
196
82
196
94
196
277
271
117
82
94
277
54
54
54
94
54
94
94
94
159
54
277
131
273
206
206
109
253
82
82
82
139
196
206
206
94
82
196
196
89
94
196
196
54
122
89
64
185
185
254
132
208
296
40
277
89
109
233
206
224
185
206
185
231
232
277
10
166
180
2
3
206
270
47
277
206
206
209
96
206
66
291
285
99
209
16
206
299
299
277
299
255
237
68
47
245
172
68
131
87
237
89
68
68
68
92
84
283
283
283
283
283
283
130
198
283
218
51
231
187
11
274
252
77
11
270
270
82
82
285
220
82
113
113
220
132
269
298
298
291
57
57
57
57
15
176
140
122
15
106
30
270
120
128
0
226
291
77
293
275
128
226
125
76
20
44
129
0
270
159
159
134
68
206
221
221
271
228
231
210
67
67
67
67
67
67
43
158
202
278
0
221
206
89
206
218
218
247
278
218
255
206
206
237
278
89
255
206
206
206
277
86
263
277
206
226
263
97
206
206
206
206
257
277
277
250
159
41
89
226
202
226
206
230
226
206
127
128
285
277
82
277
280
256
277
198
251
292
159
206
26
247
26
233
157
226
247
189
203
270
201
252
226
279
37
73
73
233
197
0
264
201
76
150
150
91
253
91
226
89
270
270
91
270
180
293
270
270
270
270
270
270
274
131
105
20
226
239
293
25
279
91
279
105
105
105
105
105
105
105
91
280
15
15
15
116
206
129
109
206
70
270
87
276
280
280
15
280
15
280
15
155
270
73
226
58
122
254
16
16
16
122
16
291
122
122
117
117
251
132
249
235
231
235
137
107
172
180
180
193
206
226
206
122
122
122
122
118
44
294
294
51
259
252
129
63
226
109
122
102
121
129
100
115
72
270
73
135
252
180
180
180
252
71
252
252
252
252
252
206
22
270
250
184
36
91
71
206
252
206
135
135
71
172
206
71
172
71
71
172
175
14
0
117
189
18
279
30
226
18
18
18
18
62
62
18
53
18
18
276
226
168
172
290
180
63
19
15
44
53
226
0
293
293
293
168
33
30
206
105
124
124
124
226
175
99
133
91
228
133
124
206
206
206
226
175
206
283
31
283
293
283
32
228
298
164
1
1
182
182
182
31
176
182
254
254
1
166
86
166
182
182
254
86
182
182
86
254
182
254
254
49
198
254
254
86
182
182
182
182
172
182
1
49
182
125
22
182
226
182
182
182
49
1
49
182
182
254
206
170
49
182
182
49
182
182
49
49
182
206
182
49
182
182
49
49
49
49
49
49
49
0
49
49
49
49
49
182
59
297
297
20
296
297
59
233
0
297
224
192
59
45
297
59
192
297
1
283
59
296
147
270
270
296
296
297
297
279
296
3
297
147
182
8
297
206
297
296
296
139
297
297
297
62
297
297
59
59
147
147
59
59
59
296
297
297
219
297
147
147
297
57
254
147
296
297
296
297
296
206
297
0
147
296
296
206
296
147
49
296
147
296
169
197
296
147
297
296
169
147
296
297
296
296
254
147
297
147
147
296
274
172
147
147
296
147
206
0
297
297
12
147
97
296
296
147
0
147
296
147
147
0
147
147
296
147
147
296
147
296
147
296
296
147
147
182
0
147
147
18
297
297
296
147
147
147
296
147
147
147
0
182
147
296
169
147
147
147
147
206
206
297
147
147
147
147
297
297
206
172
281
147
66
297
76
242
270
71
0
297
125
235
279
293
61
190
265
265
226
265
265
28
279
32
265
156
156
160
265
104
104
280
104
280
265
160
104
104
265
265
265
0
0
265
0
265
113
113
113
113
113
113
265
242
169
184
265
80
265
265
104
156
104
104
169
104
104
104
104
80
265
265
156
104
156
104
104
169
253
119
119
185
185
185
185
230
185
185
185
185
185
185
185
185
185
185
104
104
104
131
156
160
12
119
119
104
224
226
119
131
274
274
45
141
148
281
211
37
221
224
23
285
206
224
189
80
39
39
63
63
63
37
37
193
205
96
172
11
171
248
22
205
78
285
102
205
129
73
205
205
0
205
274
62
205
183
205
0
233
135
84
281
189
122
285
104
286
122
122
122
13
205
244
167
137
244
299
299
14
299
64
137
64
45
45
64
13
255
206
205
38
244
56
149
244
200
56
244
176
230
56
56
230
56
184
56
56
56
56
56
56
56
244
64
176
64
64
64
244
64
64
64
64
64
244
66
56
244
226
172
172
156
64
64
256
64
64
64
155
111
21
21
279
111
155
297
148
179
132
179
223
223
91
206
179
132
179
179
28
162
179
179
179
270
179
179
177
169
107
169
281
169
206
71
281
270
163
176
129
172
78
64
281
176
129
155
197
155
50
11
109
244
189
158
189
179
11
192
158
176
237
230
293
220
128
128
128
240
115
268
268
239
239
0
112
268
150
214
268
223
268
214
84
214
84
152
160
268
268
101
84
84
268
268
268
214
268
268
96
268
268
84
268
84
285
268
206
84
84
84
223
75
75
287
287
287
159
214
214
214
214
214
214
214
214
214
268
268
214
214
268
268
268
268
268
268
268
268
268
214
268
268
91
230
268
268
268
268
268
268
268
268
268
268
268
122
287
26
287
287
253
111
253
206
259
206
206
206
146
206
206
0
52
139
184
129
260
92
129
52
129
223
223
150
129
240
180
206
14
240
270
53
53
199
206
259
135
135
76
230
189
230
270
77
87
230
230
87
135
230
230
230
135
87
196
196
196
32
15
87
233
285
230
90
230
270
270
206
184
184
230
172
153
184
283
184
66
206
293
271
226
140
25
25
125
125
131
125
75
75
5
25
25
25
141
141
141
25
88
215
224
25
220
220
285
133
224
80
169
131
159
159
159
159
293
277
293
293
293
169
228
66
233
77
86
172
205
81
64
64
64
206
97
193
193
193
193
160
160
13
182
13
13
13
13
193
13
13
13
13
31
160
160
160
160
160
160
160
160
160
160
160
160
160
13
158
158
158
158
206
241
68
241
241
13
224
276
263
52
52
52
52
52
52
52
52
13
285
240
248
29
119
131
131
7
241
241
225
7
7
136
136
136
7
7
158
176
158
136
202
176
72
136
136
136
136
136
136
158
100
7
136
22
225
225
230
225
7
7
7
54
54
7
7
7
119
7
7
7
151
7
7
151
7
7
7
84
7
7
7
7
7
7
176
225
225
123
123
173
225
117
225
4
70
7
225
225
7
225
225
225
225
225
225
225
225
225
225
225
225
225
225
225
22
7
225
4
131
130
225
213
225
225
123
299
131
131
69
101
55
55
4
148
206
153
206
153
69
206
263
121
15
46
55
69
227
259
140
279
62
121
121
121
198
29
229
77
229
169
169
229
229
70
229
198
229
229
70
229
229
198
198
169
198
229
198
169
198
198
198
198
198
198
206
155
169
169
169
205
169
70
77
129
169
116
204
204
169
11
206
218
218
294
218
169
96
96
141
198
169
198
81
293
61
175
286
294
29
285
248
149
253
54
34
29
294
288
29
14
152
206
206
206
285
134
12
221
221
266
190
223
81
81
81
266
81
81
266
266
266
266
81
266
266
266
208
230
73
73
73
195
195
195
195
195
266
95
81
190
223
206
206
223
54
190
190
129
206
131
131
131
131
131
131
131
131
195
131
131
131
131
131
131
131
131
131
131
131
46
131
131
195
131
131
195
195
26
21
195
238
60
93
11
131
131
206
107
206
81
181
81
131
131
131
240
293
53
131
131
131
208
131
131
131
154
218
62
166
217
217
217
217
217
217
236
236
217
217
217
217
217
217
236
217
217
236
154
120
120
166
219
120
224
154
154
166
154
166
32
154
154
32
218
145
154
154
257
130
48
48
227
11
224
44
154
154
180
217
48
270
28
286
0
116
16
272
70
70
27
27
16
266
206
18
70
70
13
94
280
20
94
13
13
13
20
13
64
13
13
131
206
271
13
206
13
13
280
70
13
13
190
20
280
13
197
280
280
13
20
280
280
280
280
280
263
15
15
154
206
154
206
231
245
130
28
130
130
130
100
138
211
249
69
206
265
202
202
91
276
115
2
245
8
176
245
86
131
2
8
8
142
105
8
8
122
274
274
172
8
8
142
161
8
16
8
8
278
289
278
144
144
144
144
130
130
144
144
144
144
144
289
144
144
144
144
144
289
289
144
289
289
144
144
144
144
144
258
144
144
144
289
144
144
144
6
289
289
289
289
289
144
6
144
144
6
224
144
76
287
259
144
278
293
144
278
144
278
278
278
289
107
107
107
71
71
144
289
144
278
144
278
144
144
71
144
144
144
144
144
279
226
144
11
144
12
229
254
121
199
206
81
263
235
239
294
99
224
236
181
29
231
11
277
277
30
294
182
146
54
105
105
131
242
41
41
141
176
162
108
293
167
11
11
259
256
176
105
65
100
262
99
126
197
197
197
127
144
237
25
238
206
245
33
267
103
98
187
42
41
107
267
187
267
50
41
267
187
41
267
41
267
187
267
11
41
11
187
187
41
267
187
187
187
41
42
192
11
103
144
267
267
267
57
213
267
206
267
296
267
267
267
267
267
267
267
213
107
267
11
6
218
218
218
73
218
115
68
44
20
91
233
233
233
279
37
260
107
28
107
206
107
107
91
242
284
227
227
227
227
207
207
207
207
233
233
28
28
231
190
66
265
265
114
141
58
177
209
194
132
99
40
290
260
131
36
227
227
177
58
58
66
58
19
277
285
227
177
109
227
145
145
145
43
43
145
114
145
145
43
173
145
173
145
145
173
173
145
145
173
145
144
145
145
145
145
125
125
125
102
145
125
145
145
145
145
145
145
145
145
67
145
145
145
145
173
173
145
125
145
145
145
145
145
145
145
145
145
145
145
145
145
145
145
145
145
145
145
145
145
145
145
145
145
145
145
145
150
145
145
145
145
145
145
145
145
145
145
145
145
145
145
145
145
145
145
145
145
145
145
227
145
145
145
10
89
10
279
66
279
39
209
189
189
10
189
10
10
10
37
10
39
10
73
73
43
78
163
76
285
173
188
290
226
78
41
43
206
227
227
76
227
43
227
31
163
291
163
78
78
43
283
78
78
43
78
43
191
227
173
78
164
43
227
78
78
43
43
31
43
279
43
78
173
173
43
43
78
78
135
78
43
43
163
50
43
282
274
288
230
163
163
292
292
279
205
290
292
230
286
77
78
131
134
109
206
286
218
109
193
140
140
218
226
192
292
78
127
277
277
103
31
274
274
57
198
127
43
31
155
31
31
206
230
230
228
43
290
31
279
232
14
129
264
279
265
44
279
26
232
232
285
232
232
277
134
232
228
232
232
232
230
159
94
0
230
232
232
31
290
115
43
270
270
47
269
163
206
167
140
227
274
229
230
279
115
18
132
284
148
232
51
134
279
134
102
102
221
76
279
134
266
279
31
111
51
51
285
47
221
47
221
221
51
84
51
255
279
31
279
51
51
51
51
146
106
106
282
47
282
282
282
51
51
282
270
51
51
51
282
282
230
90
106
135
177
21
21
21
230
55
11
11
11
177
230
63
30
30
30
90
90
90
90
90
90
90
168
169
90
90
90
90
90
180
164
90
90
90
90
164
90
90
90
164
90
164
106
90
90
90
90
90
90
90
90
106
43
263
28
274
43
282
135
135
30
90
90
274
274
30
90
92
92
131
270
28
254
131
131
131
90
92
231
164
168
90
137
137
299
14
261
227
265
39
265
39
105
240
39
39
102
39
200
206
118
39
285
239
206
270
172
239
206
291
177
199
239
201
260
11
47
16
16
16
293
293
293
47
71
206
206
270
189
189
189
159
4
189
185
270
190
190
189
189
189
270
189
74
74
191
191
17
207
17
293
293
293
293
256
189
189
270
293
47
47
206
148
76
252
17
134
160
133
17
17
4
270
15
131
17
209
269
133
146
269
112
131
146
18
229
132
270
132
18
18
75
18
18
18
18
18
192
146
206
194
114
114
114
270
110
131
131
255
206
206
206
131
270
43
162
162
293
131
131
39
129
291
291
270
270
291
291
285
215
118
188
53
78
212
212
79
212
212
174
174
212
212
79
262
212
69
188
212
188
228
212
188
174
212
212
79
212
212
188
93
188
212
212
273
212
212
174
128
174
273
203
203
173
3
188
79
106
273
212
188
212
212
212
212
188
212
212
88
79
174
212
79
273
173
262
79
79
212
188
212
174
188
203
174
188
174
188
188
188
174
212
212
262
261
69
93
212
79
93
188
212
212
203
13
174
79
212
174
79
79
212
262
262
212
79
262
212
212
174
212
174
203
212
212
79
79
212
212
174
212
212
79
76
197
79
212
79
212
79
212
69
212
212
174
174
261
262
174
212
212
79
203
212
273
174
174
79
212
272
203
212
212
93
212
212
212
79
79
261
174
203
203
79
85
212
79
174
212
79
203
203
174
262
93
79
273
212
174
203
212
212
174
93
203
174
262
262
273
174
93
203
93
212
174
273
212
174
93
93
273
188
85
119
93
174
212
188
174
188
93
174
188
174
39
114
174
262
212
174
273
79
174
174
262
212
273
188
203
0
133
212
289
188
79
212
212
212
212
273
261
79
212
212
261
212
212
273
203
79
174
212
188
174
79
212
174
212
273
212
212
212
93
273
174
174
273
174
273
212
3
273
212
79
262
188
262
79
273
174
262
203
212
203
174
212
174
85
93
212
262
212
188
79
188
93
212
212
174
212
212
212
261
79
250
212
212
212
212
212
212
212
93
261
174
212
79
174
79
79
212
93
79
174
148
212
174
188
212
203
212
203
79
174
203
212
212
174
174
174
79
212
188
79
79
188
203
113
212
212
0
0
212
79
212
212
203
212
212
212
79
79
79
212
212
212
212
212
212
93
212
212
212
174
174
188
174
212
212
79
174
93
212
188
212
174
93
203
212
212
174
203
79
212
208
174
79
174
79
212
79
212
85
212
85
203
212
85
212
85
85
174
85
93
85
174
174
174
212
79
38
212
212
79
212
174
203
212
93
212
174
85
188
174
174
85
188
212
188
174
85
79
79
212
174
212
212
203
212
174
212
212
203
212
174
212
212
79
127
127
142
55
212
108
185
249
212
126
224
126
203
0
0
0
0
207
207
207
270
89
123
13
123
206
54
131
211
99
131
129
30
54
270
243
91
131
131
99
279
247
247
247
298
105
116
269
254
90
68
68
259
269
108
73
206
206
58
131
15
0
185
279
132
217
185
224
204
247
247
247
91
247
99
247
238
247
236
247
236
91
247
226
235
235
99
206
91
91
91
91
206
91
91
129
91
230
9
99
9
247
247
247
247
247
247
247
131
293
26
233
26
0
15
277
107
206
281
281
281
281
281
178
281
281
281
281
35
281
284
281
128
281
235
281
281
281
281
281
281
281
281
281
178
281
281
281
281
178
281
281
281
281
281
281
281
281
281
281
281
281
281
281
281
281
281
281
281
281
281
281
281
281
281
281
281
281
281
281
281
35
281
281
281
35
281
281
281
281
83
281
281
281
281
281
281
281
281
281
281
281
281
178
281
281
281
178
281
116
178
178
149
35
35
178
178
214
6
41
83
178
35
206
206
206
206
126
143
143
231
281
281
150
281
281
281
281
150
150
281
281
143
281
281
281
150
35
281
281
281
281
281
281
281
281
281
281
281
281
50
281
281
281
35
281
281
281
281
150
281
281
281
281
281
35
281
281
150
83
281
281
83
281
281
281
281
281
281
281
281
35
281
281
281
281
281
284
281
281
133
83
281
281
281
281
281
281
281
178
281
281
281
281
281
281
281
284
281
281
281
281
178
281
281
281
143
83
178
281
281
281
281
281
281
281
281
281
116
281
281
281
281
204
281
281
281
240
281
281
281
83
281
281
281
281
281
281
35
83
83
83
281
281
281
35
281
281
284
281
281
35
281
281
281
281
281
281
281
281
281
281
281
281
281
281
281
281
281
281
281
281
281
281
281
281
88
281
281
281
281
281
281
281
281
281
281
281
281
281
281
281
178
284
281
281
281
281
281
284
281
281
281
281
281
281
281
281
281
281
281
281
281
149
281
281
281
281
281
281
281
281
281
281
281
281
281
159
281
281
281
281
281
281
281
284
281
281
281
83
138
281
83
281
281
281
277
62
281
281
281
281
83
281
281
281
281
281
281
281
281
281
281
281
281
281
281
281
96
206
281
224
40
101
281
281
281
270
281
281
281
120
61
166
18
18
18
163
163
18
131
271
18
271
18
18
18
18
18
131
18
18
18
18
131
131
131
131
271
96
9
281
111
111
103
18
132
277
55
126
0
61
281
18
281
18
163
131
131
131
221
221
271
18
18
18
233
89
18
18
163
264
128
206
95
14
49
49
92
206
206
272
163
190
270
298
112
55
292
163
277
274
13
43
259
76
110
245
134
116
110
143
201
296
143
110
296
110
245
245
270
245
245
270
110
270
245
111
110
207
110
128
201
144
49
207
293
89
245
226
207
0
207
299
248
43
222
277
161
222
44
16
106
178
110
124
110
277
124
67
110
173
163
124
140
163
14
163
245
204
262
32
206
189
66
213
16
204
281
278
40
208
288
131
11
206
226
117
89
23
166
204
128
208
204
109
131
277
148
128
89
26
206
36
226
36
206
159
219
270
40
204
204
112
91
204
281
235
65
14
128
258
281
299
89
165
270
239
131
36
285
43
202
213
292
239
131
133
165
131
131
264
264
264
90
90
76
13
186
274
128
281
226
281
89
148
89
295
15
128
184
89
128
226
281
280
121
226
68
245
89
226
76
245
239
63
159
68
279
226
270
126
159
89
228
281
230
131
159
159
286
68
196
68
64
64
274
275
99
254
99
281
128
196
196
277
128
40
197
89
281
281
22
87
23
23
177
280
177
270
177
177
177
177
177
177
270
218
43
271
117
270
218
270
117
172
115
150
115
213
218
218
128
277
117
117
68
32
281
0
79
120
98
258
62
258
146
258
263
185
119
263
185
271
9
293
231
286
206
206
189
79
286
79
230
189
172
152
20
64
0
14
258
49
76
45
258
49
49
45
45
221
5
221
221
259
213
79
112
150
245
183
183
183
88
183
183
183
183
112
91
184
137
80
148
61
61
47
47
162
233
87
270
270
150
162
288
24
200
26
233
233
274
96
274
45
250
285
250
250
73
250
250
206
206
206
206
65
65
65
65
12
199
213
79
224
224
270
79
72
72
191
72
36
285
253
253
107
79
72
271
50
50
275
275
79
271
271
232
237
210
99
210
210
210
210
210
210
279
11
99
129
99
172
99
1
28
104
28
28
28
28
28
119
28
206
33
33
33
133
153
153
254
153
153
153
62
153
153
153
153
28
33
33
79
79
162
248
55
176
55
55
55
55
117
264
142
77
248
142
248
279
224
198
245
198
24
246
295
295
198
295
217
142
126
198
130
130
130
127
91
106
106
106
295
295
118
245
106
1
246
296
246
192
192
296
296
296
172
246
131
131
270
185
246
296
258
172
293
296
28
41
44
194
270
270
73
87
131
231
240
62
263
88
283
75
201
62
62
62
275
62
275
275
54
263
275
189
79
12
279
73
206
68
206
206
206
206
265
219
119
49
259
259
259
54
224
54
89
119
206
208
54
206
64
114
94
215
208
114
95
21
54
95
15
224
15
191
176
243
64
37
148
230
152
66
243
243
243
270
176
253
285
124
124
200
206
172
298
112
206
124
250
224
79
262
270
247
206
63
124
200
249
249
249
91
63
66
274
206
124
287
249
176
245
245
216
218
216
206
206
270
94
94
94
94
10
245
245
2
228
2
245
270
2
2
2
2
2
2
184
73
2
22
63
181
181
181
181
181
181
181
259
181
252
29
252
29
218
246
246
180
11
11
11
255
234
99
252
255
255
255
24
189
252
252
252
252
252
252
252
181
252
252
252
252
252
252
252
54
131
130
180
130
130
116
252
15
29
270
255
252
270
29
270
29
81
200
29
111
200
68
206
68
78
206
189
224
206
189
172
231
180
221
271
252
122
122
68
122
68
122
211
188
206
130
221
66
180
122
30
285
263
221
68
68
11
109
206
233
111
126
196
126
122
192
192
129
268
126
94
161
189
189
38
77
249
158
218
20
20
259
234
118
118
234
234
118
283
201
201
234
118
234
234
234
234
254
234
234
234
234
234
234
158
18
254
158
277
31
201
234
245
12
263
118
118
234
167
189
45
201
234
252
62
274
274
274
176
263
148
36
250
37
234
36
294
131
29
294
294
294
166
221
221
221
29
65
68
68
137
206
206
206
29
29
293
37
155
155
68
290
12
196
175
175
270
290
129
242
245
75
289
26
5
75
180
129
11
285
183
283
100
245
5
245
245
245
283
263
70
106
5
280
230
230
97
97
97
97
97
97
97
97
271
12
245
22
248
248
270
97
259
100
206